0.413
0.817
0.699
0.885
0.159
0.808
0.587
0.648
0.771
0.874
0.737
0.688
0.704
0.807
0.746
0.802
0.864
0.576
0.670
0.709
0.538
0.461
0.250
0.789
1.003
0.863
0.533
0.863
0.832
0.918
0.792
0.932
0.631
0.736
0.534
0.716
0.648
0.828
0.653
0.880
0.289
0.818
0.440
0.580
0.636
0.409
0.571
0.655
0.800
0.599
0.813
0.938
0.841
0.125
0.272
0.401
0.974
0.598
0.706
0.715
0.371
0.705
0.558
0.754
0.789
0.826
0.801
0.596
0.305
0.746
0.788
0.871
0.888
0.883
0.699
0.894
0.934
0.479
0.869
0.940
0.742
0.487
0.506
0.888
0.778
0.963
0.802
0.564
0.876
0.869
0.851
0.818
0.740
0.913
0.725
0.558
0.677
0.863
0.656
0.421
0.624
0.829
0.860
0.862
0.620
0.772
0.792
0.641
0.685
0.716
0.493
0.714
0.774
0.854
1.027
0.709
0.628
0.674
0.829
0.552
0.616
0.912
0.879
0.933
0.729
0.809
0.775
0.852
0.911
0.846
0.533
0.326
0.853
0.660
0.859
0.774
0.764
0.369
0.663
0.779
0.481
1.035
0.636
0.855
0.430
0.852
0.824
0.714
0.996
0.926
0.794
0.893
0.517
0.562
0.704
0.792
0.735
0.976
0.676
0.816
0.739
0.787
0.842
0.549
0.913
0.685
0.585
0.788
0.896
0.732
0.639
0.628
0.672
0.926
0.519
0.796
0.649
0.553
0.716
0.843
0.895
0.465
0.793
1.004
0.881
0.224
0.602
0.503
0.803
0.710
0.726
0.759
0.596
0.864
0.861
0.725
0.859
0.621
0.867
0.737
0.772
0.829
0.882
0.801
0.851
0.801
0.627
0.404
0.852
0.755
0.645
0.728
0.722
0.737
0.899
0.750
0.537
0.867
0.446
0.812
0.570
0.819
0.844
0.877
0.787
0.878
0.819
0.718
0.780
0.663
0.601
0.823
0.723
0.714
0.557
0.902
0.859
0.623
0.646
0.767
0.827
0.974
0.819
0.196
0.278
0.740
0.614
0.749
0.668
0.862
0.402
1.001
0.821
0.931
0.809
0.536
0.526
0.201
0.737
0.850
0.808
0.951
0.852
0.714
0.740
0.758
0.914
0.901
0.924
0.862
0.622
0.748
0.831
0.886
0.704
0.480
0.841
0.654
0.618
0.787
0.529
0.818
0.675
0.856
0.517
0.904
0.841
0.882
0.761
0.716
0.723
0.876
0.769
0.511
0.908
0.711
0.890
0.898
0.719
0.714
0.626
0.902
0.959
0.798
0.530
0.579
0.548
0.774
0.875
0.910
0.946
0.898
0.942
0.688
0.789
0.311
0.699
0.453
0.679
0.880
0.598
0.408
0.867
0.763
0.653
0.758
0.698
0.822
0.458
0.811
0.617
0.911
0.654
0.439
0.692
0.808
0.803
0.618
0.782
0.600
0.445
0.310
0.913
0.882
0.620
0.880
0.766
0.538
0.430
0.835
0.763
0.865
0.785
0.896
0.796
0.807
0.803
0.834
0.454
0.904
0.689
0.883
0.574
0.640
0.532
0.491
0.614
0.864
0.947
0.832
0.628
0.758
0.633
0.909
0.869
0.774
0.943
0.884
0.745
0.960
0.803
0.691
0.539
0.890
0.948
0.993
0.944
0.642
0.939
0.225
0.815
1.069
0.900
0.946
0.779
0.667
0.508
0.792
0.864
0.653
0.761
0.626
0.800
0.895
0.915
0.753
0.592
0.578
0.776
0.263
0.629
0.462
0.584
0.750
0.736
0.771
0.914
0.486
0.767
0.901
0.609
0.809
0.693
0.961
0.669
0.804
0.751
0.995
0.518
0.848
0.814
0.528
0.764
0.530
0.868
0.613
1.012
0.841
0.494
0.671
0.607
0.703
0.870
0.523
0.754
0.992
0.877
0.733
0.449
0.762
0.694
0.896
0.550
0.694
0.872
0.923
0.921
0.706
0.765
0.882
0.679
0.408
0.865
0.789
0.854
0.670
0.544
0.781
0.599
0.902
0.825
0.802
0.770
0.492
0.861
0.678
0.906
0.810
0.887
0.718
0.681
0.887
0.869
0.845
0.783
0.965
0.839
0.779
0.365
0.910
0.932
0.705
0.879
0.646
0.755
0.897
0.808
0.749
0.590
0.883
0.842
0.739
0.846
0.671
0.759
0.766
0.150
0.887
0.630
0.784
0.694
0.777
0.478
0.507
0.632
0.764
0.898
0.554
0.677
0.686
0.815
0.882
0.866
0.819
0.869
0.784
0.733
0.672
0.668
0.775
0.658
0.499
0.409
0.883
0.796
0.853
0.658
0.767
0.909
0.680
0.796
0.933
0.765
0.594
0.795
0.692
0.483
0.600
0.824
0.976
0.580
0.784
0.906
0.436
0.746
0.940
0.683
0.808
0.592
0.690
0.351
0.715
0.535
0.859
0.794
0.421
0.425
0.933
0.254
0.862
0.780
0.869
0.991
0.731
0.950
0.877
0.274
0.923
0.430
0.407
0.763
0.830
0.753
0.831
0.725
0.575
0.818
0.510
0.899
0.879
0.569
0.727
0.602
0.908
0.603
0.749
0.765
0.363
0.792
-0.013
0.825
0.699
0.838
0.730
0.812
0.372
0.811
0.941
0.816
0.574
0.730
1.006
1.016
0.722
0.814
0.737
0.843
0.882
0.583
0.825
0.937
0.885
0.618
0.871
0.739
0.715
0.732
0.835
0.358
0.631
0.760
0.679
0.503
0.576
0.751
0.851
0.683
0.822
0.936
0.593
0.674
0.804
0.908
0.771
0.824
0.808
0.839
0.746
0.583
0.904
0.837
0.719
0.695
0.524
0.847
0.876
0.610
0.787
0.884
0.775
0.755
0.809
0.546
0.916
0.574
0.881
0.506
0.878
0.714
0.967
0.735
0.407
0.908
0.726
0.383
0.938
0.710
0.734
0.655
0.932
0.747
0.584
0.690
0.830
0.589
0.465
0.735
0.911
0.794
0.926
0.558
0.705
0.958
0.944
0.658
0.859
0.917
0.870
0.808
0.650
0.588
0.753
0.576
0.648
0.745
0.926
0.676
0.731
0.906
0.760
0.947
0.774
0.779
0.736
0.743
0.769
0.934
0.447
0.835
0.819
0.688
0.904
0.777
0.175
0.401
0.911
0.628
0.604
0.699
0.902
0.854
0.517
0.239
0.856
0.780
0.441
0.705
0.613
0.839
0.641
0.827
0.877
0.676
0.761
0.722
0.784
0.797
0.814
0.795
0.850
0.610
0.911
0.803
0.633
0.674
0.424
0.870
0.710
0.777
0.905
0.731
0.757
0.527
0.629
0.541
0.857
0.366
0.757
0.927
0.649
0.599
0.794
0.827
0.972
0.667
0.770
0.939
0.817
0.632
0.701
0.957
0.778
0.683
0.512
0.889
0.747
0.793
0.889
0.866
0.712
0.620
0.520
0.671
0.771
0.727
0.762
0.706
0.685
0.926
0.772
0.802
0.893
0.831
0.788
0.783
0.891
0.893
0.245
0.661
0.669
0.884
0.749
0.864
0.920
0.605
0.471
0.888
0.716
1.001
0.721
0.759
0.768
0.728
0.716
0.760
0.752
0.915
0.656
