0.966
0.807
0.896
0.821
0.910
0.749
0.910
0.920
0.161
0.957
0.532
0.939
0.901
0.748
0.536
0.834
0.497
0.729
0.536
0.236
0.703
0.318
0.800
0.738
0.936
0.907
0.854
0.355
0.333
0.158
0.665
0.259
0.863
0.260
0.838
0.939
0.491
0.542
0.250
0.985
0.987
0.911
0.672
0.571
0.781
0.837
0.127
0.672
0.096
0.870
0.404
0.521
0.251
0.763
0.613
0.743
0.262
0.211
0.859
0.344
0.333
0.186
0.898
0.728
0.882
0.693
0.298
0.303
0.797
0.820
0.325
0.940
0.677
0.329
0.235
0.813
0.923
0.969
0.882
0.474
0.169
0.542
0.938
0.836
0.968
0.764
0.431
0.940
0.146
0.680
0.664
0.827
0.782
0.342
0.176
0.551
0.923
0.320
0.689
0.698
0.926
0.906
0.840
0.147
0.160
0.712
0.719
0.859
0.883
0.325
0.143
0.750
0.769
0.536
0.865
0.850
0.275
0.509
0.887
0.961
0.149
0.425
0.143
0.970
0.941
0.411
0.415
0.541
0.135
0.801
0.213
0.379
0.953
0.781
0.892
0.710
0.829
0.912
0.938
0.849
0.947
0.945
0.443
0.533
0.799
0.929
0.823
0.851
0.216
0.260
0.511
0.268
0.209
0.101
0.718
0.890
0.781
0.964
0.925
0.478
0.933
0.135
0.797
0.485
0.198
0.943
0.119
0.185
0.828
0.353
0.665
0.823
0.914
0.767
0.924
0.926
0.662
0.317
0.666
0.613
0.668
0.809
0.152
0.144
0.670
0.868
0.972
0.026
0.868
0.188
0.904
0.866
0.962
0.929
0.984
0.861
0.862
0.941
0.597
0.084
0.659
0.745
0.917
0.420
0.121
0.414
0.941
0.451
0.940
0.839
0.916
0.437
0.511
0.820
0.915
0.492
0.301
0.265
0.649
0.591
0.922
0.938
0.781
0.868
0.395
0.933
0.236
0.804
0.834
0.809
0.338
0.964
0.900
0.970
0.839
0.201
0.933
0.735
0.748
0.892
0.410
0.965
0.859
0.109
0.745
0.532
0.245
0.914
0.906
0.667
0.909
0.236
0.333
0.410
0.579
0.967
0.937
0.914
0.822
0.829
0.964
0.405
0.859
0.861
0.421
0.726
0.666
0.731
0.758
0.942
0.929
0.586
0.774
0.944
0.544
0.945
0.927
0.687
0.939
0.860
0.724
0.915
0.956
0.942
0.936
0.308
0.175
0.923
0.809
0.880
0.379
0.311
0.768
0.936
0.501
0.957
0.368
0.915
0.403
0.516
0.926
0.929
0.951
0.890
0.176
0.901
0.876
0.552
0.301
0.704
0.662
0.220
0.849
0.865
0.403
0.446
0.375
0.150
0.782
0.657
0.319
0.934
0.923
0.652
0.473
0.914
0.728
0.735
0.919
0.941
0.551
0.261
0.431
0.706
0.704
0.591
0.830
0.755
0.813
0.958
0.868
0.248
0.920
0.455
0.617
0.949
0.394
0.727
0.582
0.843
0.339
0.967
0.627
0.897
0.204
0.261
0.516
0.332
0.788
0.929
0.644
0.174
0.422
0.936
0.239
0.290
0.955
0.904
0.911
0.794
0.352
0.887
0.010
0.907
0.611
0.576
0.777
0.046
0.195
0.834
0.539
0.969
0.407
0.660
0.966
0.744
0.910
0.934
0.743
0.275
0.796
0.937
0.950
0.965
0.318
0.610
0.853
0.243
0.798
0.224
0.568
0.662
0.787
0.866
0.970
0.945
0.926
0.813
0.883
0.298
0.769
0.574
0.768
0.874
0.579
0.659
0.931
0.247
0.267
0.736
0.499
0.912
0.607
0.269
0.759
0.753
0.929
0.328
0.913
0.851
0.674
0.340
0.898
0.877
0.947
0.797
0.140
0.824
0.967
0.277
0.804
0.880
0.938
0.874
0.862
0.920
0.918
0.944
0.968
0.842
0.968
0.407
0.829
0.934
0.211
0.670
0.890
0.950
0.917
0.550
0.926
0.965
0.563
0.931
0.887
0.356
0.482
0.516
0.046
0.758
0.721
0.843
0.629
0.551
0.663
0.719
0.810
0.268
0.821
0.562
0.529
0.026
0.930
0.702
0.880
0.847
0.406
0.813
0.716
0.372
0.565
0.540
0.832
0.338
0.725
0.332
0.915
0.804
0.939
0.717
0.913
0.771
0.852
0.727
0.781
0.942
0.937
0.617
0.562
0.277
0.002
0.860
0.555
0.355
0.225
0.891
0.957
0.936
0.921
0.920
0.891
0.847
0.909
0.840
0.964
0.605
0.886
0.940
0.536
0.942
0.708
0.846
0.868
0.944
0.917
0.421
0.520
0.312
0.395
0.379
0.660
0.795
0.674
0.516
0.416
0.377
0.783
0.950
0.547
0.820
0.248
0.912
0.590
0.914
0.932
0.960
0.738
0.524
0.679
0.325
0.484
0.733
0.579
0.755
0.898
0.805
0.819
0.492
0.517
0.609
0.736
0.863
0.592
0.247
0.801
0.927
0.303
0.101
0.458
0.748
0.082
0.531
0.930
0.968
0.562
0.923
0.215
0.277
0.942
0.305
0.153
0.671
0.916
0.909
0.855
0.956
0.960
0.934
0.406
0.400
0.781
0.789
0.747
0.330
0.222
0.960
0.937
0.947
0.938
0.216
0.727
0.606
0.957
0.972
0.949
0.557
0.856
0.917
0.762
0.749
0.638
0.724
0.859
0.857
0.848
0.926
0.397
0.937
0.315
0.582
0.641
0.921
0.372
0.318
0.875
0.096
0.206
0.942
0.940
0.933
0.941
0.909
0.932
0.691
0.819
0.719
0.224
0.805
0.854
0.927
0.703
0.542
0.556
0.524
0.867
0.858
0.846
0.710
0.763
0.872
0.517
0.934
0.768
0.208
0.862
0.890
0.306
0.348
0.781
0.857
0.811
0.942
0.903
0.781
0.933
0.751
0.892
0.780
0.657
0.708
0.167
0.886
0.815
0.867
0.536
0.536
0.838
0.705
0.199
0.935
0.937
0.329
0.144
0.958
0.891
0.897
0.342
0.860
0.942
0.953
0.900
0.927
0.926
0.525
0.865
0.941
0.671
0.370
0.572
0.818
0.890
0.440
0.865
0.333
0.569
0.538
0.743
0.559
0.937
0.937
0.738
0.236
0.582
0.855
0.811
0.441
0.813
0.745
0.660
0.843
0.766
0.487
0.743
0.900
0.257
0.551
0.245
0.920
0.870
0.406
0.441
0.869
0.917
0.197
0.891
0.939
0.582
0.987
0.359
0.822
0.666
0.781
0.420
0.785
0.613
0.877
0.484
0.742
0.300
0.569
0.871
0.802
0.303
0.096
0.876
0.944
0.821
0.863
0.252
0.950
0.125
0.793
0.317
0.747
0.799
0.842
0.858
0.892
0.924
0.860
0.068
0.873
0.759
0.887
0.736
0.962
0.124
0.338
0.491
0.821
0.962
0.937
0.968
0.703
0.735
0.551
0.190
0.902
0.598
0.483
0.175
0.938
0.231
0.931
0.579
0.674
0.552
0.641
0.684
0.939
0.165
0.924
0.867
0.205
0.927
0.929
0.753
0.992
0.763
0.499
0.944
0.162
0.923
0.907
0.545
0.901
0.944
0.599
